alu
40
162
666600
ffffff
c 4b-adder 1
c xor 2 3 4 5
c and 6 7 8
c not 9 10 11 12
p I 9
p O 7
p N 44
w 8 0 16 0
w 16 0 17 0
w 17 0 18 0
w 18 0 19 0
w 19 0 8 1
w 16 0 20 0
w 20 0 21 0
w 21 0 0 2
w 20 0 22 0
w 22 0 23 0
w 23 0 24 0
w 24 0 0 5
w 23 0 0 4
w 22 0 0 3
w 7 0 25 0
w 25 0 26 0
w 26 0 1 5
w 6 0 27 0
w 27 0 28 0
w 28 0 1 4
w 5 0 29 0
w 29 0 30 0
w 30 0 1 3
w 4 0 31 0
w 31 0 32 0
w 32 0 1 2
w 2 5 33 0
w 33 0 34 0
w 34 0 7 1
w 2 4 35 0
w 35 0 36 0
w 36 0 6 1
w 2 3 37 0
w 37 0 38 0
w 38 0 5 1
w 2 2 39 0
w 39 0 40 0
w 40 0 4 1
w 3 0 41 0
w 41 0 42 0
w 42 0 3 1
w 2 0 43 0
w 43 0 44 0
w 44 0 2 1
w 1 0 45 0
w 45 0 46 0
w 46 0 1 1
w 0 0 47 0
w 47 0 48 0
w 48 0 0 1
w 2 8 0 7
w 2 7 0 6
w 2 6 15 0
w 13 1 13 0
w 9 1 49 0
w 49 0 9 0
w 10 1 50 0
w 50 0 10 0
w 11 1 51 0
w 51 0 11 0
w 12 1 52 0
w 52 0 12 0
w 49 0 53 0
w 53 0 54 0
w 54 0 55 0
w 55 0 14 0
w 1 9 0 8
w 1 12 1 6
w 1 11 1 7
w 1 10 1 8
w 52 0 56 0
w 56 0 0 12
w 51 0 57 0
w 57 0 0 11
w 50 0 58 0
w 58 0 0 10
w 53 0 59 0
w 59 0 0 9
